%YAML:1.0
---
K: !!opencv-matrix
   rows: 3
   cols: 3
   dt: d
   data: [ 1285.9928030214905, 0., 714.32405436459612, 0.,
       1278.161016298578, 473.69696847310394, 0., 0., 1. ]
D: !!opencv-matrix
   rows: 1
   cols: 5
   dt: d
   data: [ 0.059684733796083474, -0.24343672717272577,
       0.00029142258551722932, 0.00084736930085991852,
       0.047574445137741318 ]
