%YAML:1.0
---
K: !!opencv-matrix
   rows: 3
   cols: 3
   dt: d
   data: [ 1294.0097031698692, 0., 711.87825537837796, 0.,
       1285.8926851168108, 491.76287548608997, 0., 0., 1. ]
D: !!opencv-matrix
   rows: 1
   cols: 5
   dt: d
   data: [ 0.027006659688115921, 0.052500668254189635,
       0.00071951794648963019, -0.00091016860682992999,
       -0.48908307142317969 ]
